-65
-65
-65
-65
-65
-65.0001
-65.0001
-65.0001
-65.0001
-65.0001
-65.0001
-65.0002
-65.0002
-65.0002
-65.0002
-65.0002
-65.0002
-65.0002
-65.0002
-65.0002
-47.1802
-38
30
-38
-43
-38
30
-38
-43
-38
30
-38
-43
-57.4148
-58.806
-58.7755
-58.5824
-58.3633
-58.1353
-57.9004
-57.6588
-57.4102
-57.1545
-56.8915
-56.6209
-56.3425
-56.056
-55.7613
-55.4581
-55.1462
-54.8251
-54.4948
-54.1549
-53.8051
-53.4451
-53.0746
-52.6934
-52.301
-51.8972
-51.4816
-51.0538
-50.6135
-50.1604
-49.694
-49.214
-48.7199
-48.2114
-47.688
-47.1492
-38
30
-38
-43
-56.1199
-57.7889
-57.8398
-57.6437
-57.4027
-57.1482
-56.8852
-56.6145
-56.3359
-56.0493
-55.7544
-55.451
-55.1388
-54.8176
-54.4871
-54.1469
-53.7969
-53.4367
-53.066
-52.6845
-52.2918
-51.8877
-51.4718
-51.0438
-50.6032
-50.1498
-49.6831
-49.2027
-48.7083
-48.1994
-47.6757
-47.1366
-38
30
-38
-43
-56.115
-57.785
-57.8362
-57.6401
-57.399
-57.1444
-56.8813
-56.6105
-56.3318
-56.0451
-55.75
-55.4465
-55.1342
-54.8128
-54.4821
-54.1418
-53.7917
-53.4313
-53.0604
-52.6788
-52.286
-51.8817
-51.4656
-51.0374
-50.5967
-50.143
-49.6761
-49.1956
-48.7009
-48.1919
-47.6679
-47.1286
-38
30
-38
-43
-56.1119
-57.7824
-57.8338
-57.6378
-57.3966
-57.142
-56.8788
-56.6079
-56.3291
-56.0423
-55.7472
-55.4436
-55.1312
-54.8098
-54.479
-54.1386
-53.7883
-53.4279
-53.0569
-52.6752
-52.2822
-51.8779
-51.4617
-51.0333
-50.5925
-50.1387
-49.6717
-49.191
-48.6963
-48.187
-47.6629
-47.1235
-38
30
-38
-43
-56.1099
-57.7808
-57.8324
-57.6363
-57.3951
-57.1404
-56.8772
-56.6063
-56.3275
-56.0406
-55.7455
-55.4418
-55.1294
-54.8078
-54.477
-54.1366
-53.7862
-53.4257
-53.0547
-52.6729
-52.2799
-51.8754
-51.4592
