-64.1200027466
-68.0370178223
-70.6511993408
-71.9124755859
-72.3899536133
-72.530418396
-72.5439376831
-72.5121994019
-72.4649810791
-72.4128875732
-72.3597564697
-72.306892395
-72.2547836304
-72.2035980225
-72.1533966064
-72.1041641235
-72.0559234619
-72.008644104
-71.9623031616
-71.9169082642
-71.8724441528
-71.8288879395
-71.7862167358
-71.7444458008
-71.7035217285
-71.6634521484
-71.6242370605
-71.5858459473
-71.5482711792
-71.5114898682
-71.4754867554
-71.4402542114
-71.4057998657
-71.3720779419
-71.3390884399
-71.3068237305
-71.2752532959
-71.2445068359
-71.2142028809
-71.1846847534
-71.1558227539
-71.1276016235
-71.1000289917
-71.0730743408
-71.0467147827
-71.0941162109
-70.9957885742
-70.9711837769
-70.9471588135
-70.9236679077
-70.9007339478
-70.8783416748
-70.8564682007
-70.8350753784
-70.8142089844
-70.7938156128
-70.7739181519
-70.754486084
-70.7355041504
-70.7169723511
-70.6988983154
-70.6812210083
-70.6639938354
-70.6471633911
-70.6307525635
-70.614730835
-70.599105835
-70.5838470459
-70.5689544678
-70.5544281006
-70.5402679443
-70.5941162109
-70.5129699707
-70.4998168945
-70.4869842529
-70.4744796753
-70.4622802734
-70.4503707886
-70.4387512207
-70.4274291992
-70.4163970947
-70.405632019
-70.3951416016
-70.3849029541
-70.3749313354
-70.3652191162
-70.3557281494
-70.3464889526
-70.3374938965
-70.3287124634
-70.3201446533
-70.3118057251
-70.3036727905
-70.295753479
-70.2880325317
-70.2805023193
-70.27318573
-70.2660369873
-70.2590789795
-70.2522964478
-70.2456741333
-70.2392349243
-70.2329559326
-70.2268447876
-70.2208862305
-70.2150802612
-70.2094345093
-70.203918457
-70.1985549927
-70.1933288574
-70.1882247925
-70.183265686
-70.1784210205
-70.1737213135
-70.1691360474
-70.1646652222
-70.1603240967
-70.1560974121
-70.1519775391
-70.1479568481
-70.1440505981
-70.1402282715
-70.1365203857
-70.1331787109
-70.1293792725
-70.1259536743
-70.1226119995
-70.1193618774
-70.1161956787
-70.1131210327
-70.1101379395
-70.1072158813
-70.1043624878
-70.1015930176
-70.0988845825
-70.0962524414
-70.0937042236
-70.0912017822
-70.0887756348
-70.0864181519
-70.0841293335
-70.0818939209
-70.0797195435
-70.0775909424
-70.0755157471
-70.0735092163
-70.0715637207
-70.0696640015
-70.0678100586
-70.0659942627
-70.0941162109
-70.0941162109
-70.060874939
-70.0592498779
-70.0576705933
-70.0561294556
-70.0546264648
-70.0531692505
-70.0517501831
-70.0503692627
-70.0490188599
-70.0477218628
-70.0464553833
-70.045211792
-70.0440139771
-70.0428390503
-70.0417022705
-70.0405883789
-70.0394973755
-70.038444519
-70.0374221802
-70.0364227295
-70.0354537964
-70.0345001221
-70.0335693359
-70.0326690674
-70.031791687
-70.0309524536
-70.0301208496
-70.0293121338
-70.0285186768
-70.0277557373
-70.0941162109
-70.0941162109
-70.0941162109
-70.0941162109
-70.0941162109
-70.0941162109
-70.0941162109
-70.0941162109
-70.0941162109
-70.0941162109
-70.0941162109
-70.0941162109
-70.0941162109
-70.0941162109
-70.0941162109
-70.0941162109
-70.0175170898
-70.0170440674
-70.0165863037
-70.0161437988
-70.0159912109
-70.015296936
-70.0148773193
-70.014503479
-70.0140914917
-70.0137329102
-70.0133666992
-70.0130081177
-70.0126495361
-70.0123138428
-70.0119857788
-70.0116729736
-70.0113525391
-70.0110473633
-70.0107498169
-70.0104675293
-70.0101852417
-70.0099029541
-70.0096359253
-70.0093841553
-70.009147644
-70.008895874
-70.0086669922
-70.008430481
-70.0081939697
-70.0079803467
-70.007774353
-70.0075759888
-70.0073699951
-70.0071640015
-70.006980896
-70.0067977905
-70.0066223145
-70.0064315796
-70.0062561035
-70.0060806274
-70.0059051514
-70.0057525635
-70.0055999756
-70.0054779053
-70.0053329468
-70.0051803589
-70.0050430298
-70.0049057007
-70.004776001
-70.0046310425
-70.0045166016
-70.0043945312
-70.0042724609
-70.00415802
-70.0040435791
-70.003944397
-70.0038375854
-70.0037384033
-70.0036239624
-70.0035247803
-70.0034408569
-70.0033569336
-70.0032653809
-70.0031890869
-70.0030899048
-70.0030059814
-70.0029144287
-70.0028533936
-70.0027694702
-70.0027008057
-70.0026245117
-70.0025558472
-70.0024871826
-70.0024337769
-70.0023651123
-70.0022888184
-70.0022277832
-70.002166748
-70.0021057129
-70.0023193359
-70.001991272
-70.0019378662
-70.0018997192
-70.0018386841
-70.0017929077
-70.0017471313
-70.0016860962
-70.0016403198
-70.0015945435
-70.0015640259
-70.0015335083
-70.0014953613
-70.0014419556
-70.0013961792
-70.0013809204
-70.0013275146
-70.0012969971
-70.0012664795
-70.0012359619
-70.0012054443
-70.0011749268
-70.0011367798
-70.0010910034
-70.0010757446
-70.0010452271
-70.0010147095
-70.0009841919
-70.0009613037
-70.0009536743
-70.0009078979
-70.0009002686
-70.000869751
-70.0008468628
-70.000831604
-70.0008087158
-70.0007781982
-70.0007705688
-70.0007476807
-70.0007171631
-70.0007095337
-70.0006866455
-70.0006637573
-70.0006561279
-70.0006561279
-70.0006256104
-70.0006027222
-70.0005950928
-70.0005722046
-70.000541687
-70.0005340576
-70.0005264282
-70.00050354
-70.0004806519
-70.0004806519
-70.0004730225
-70.0004730225
-70.0004653931
-70.0004501343
-70.0004425049
-70.0004196167
-70.0004196167
-70.0004119873
-70.0003890991
-70.0003890991
-70.0003585815
-70.0003585815
-70.0003509521
-70.000328064
-70.000328064
-70.0003204346
-70.0002975464
-70.0002975464
-70.0002975464
-70.0002822876
-70.0002746582
-70.0002746582
-70.0002746582
-70.0002593994
-70.0003662109
-70.0003662109
-70.0003662109
-70.0002288818
-70.0002288818
-70.0002288818
-70.0002288818
-70.0002288818
-70.0002288818
-70.0002288818
-70.0002288818
-70.0001983643
-70.0001754761
-70.0001754761
-70.0001754761
-70.0001754761
-70.0001754761
-70.0001754761
-70.0001678467
-70.0001678467
-70.0001678467
-70.0001678467
-70.0001678467
-70.0001678467
-70.0001678467
-70.0001678467
-70.0001602173
-70.0001220703
-70.0001220703
-70.0001220703
-70.0001220703
-70.0001220703
-70.0001220703
-70.0001220703
-70.0001144409
-70.0001068115
-70.0001068115
-70.0001068115
-70.0001068115
-70.0001068115
-70.0001068115
-70.0001068115
-70.0003662109
-70.0000610352
-70.0000610352
-70.0000610352
-70.0000610352
-70.0000610352
-70.0000610352
-70.0000610352
-70.0000610352
-70.0000610352
-70.0000610352
-70.0000610352
-70.0000610352
-70.0000610352
-70.0000610352
-70.0000610352
-70.0000610352
-70.0000610352
-70.0000610352
-70.0000610352
-70.0000610352
-70.0000610352
-70.0000610352
-70.0000610352
-70.0000610352
-70.0000610352
-70.0000610352
-70.0000610352
-70.0000610352
-70.0000610352
-70.0000610352
-70.0000610352
-70.0000610352
-70.0000610352
-70.0000610352
-70.0000610352
-70.0000610352
-70.0000610352
-70.0000610352
-70.0000610352
-70.0000610352
-70.0000610352
-70.0000610352
-70.0000610352
-70.0000610352
-70.0000610352
-70.0000610352
-70.0000610352
-70.0000610352
-70.0000610352
-70.0000610352
-70.0000610352
-70.0000610352
-70.0000610352
-70.0000610352
-70.0000610352
-70.0000610352
-70.0000610352
-70.0000610352
-70.0000610352
-70.0000610352
-70.0000610352
-70.0000610352
-70.0000610352
-70.0000610352
-70.0000610352
-70.0000610352
-70.0000610352
-70.0000610352
-70.0000610352
-70.0000610352
-70.0000610352
-70.0000610352
-70.0000610352
-70.0000610352
-70.0000610352
-70.0000610352
-70.0000610352
-70.0000610352
-70.0000610352
-70.0000610352
-70.0000610352
-70.0000610352
-70.0000610352
-70.0000610352
-70.0000610352
-70.0000610352
-70.0000610352
-70.0000610352
-70.0000610352
-70.0000610352
-70.0000610352
-70.0000610352
-70.0000610352
-70.0000610352
-70.0000610352
-70.0000610352
-70.0000610352
-70.0000610352
-70.0000610352
-70.0000610352
-70.0000610352
-70.0000610352
-70.0000610352
-70.0000610352
-70.0000610352
-70.0000610352
-70.0000610352
-70.0000610352
-70.0000610352
-70.0000610352
-70.0000610352
-70.0000610352
-70.0000610352
-70.0000610352
-70.0000610352
-70.0000610352
-70.0000610352
-70.0000610352
-70.0000610352
-70.0000610352
-70.0000610352
-70.0000610352
-70.0000610352
-70.0000610352
-70.0000610352
-70.0000610352
-70.0000610352
-70.0000610352
-70.0000610352
-70.0000610352
-70.0000610352
-70.0000610352
-70.0000610352
-70.0000610352
-70.0000610352
-70.0000610352
-70.0000610352
-70.0000610352
-70.0000610352
-70.0000610352
-70.0000610352
-70.0000610352
-70.0000610352
-70.0000610352
-70.0000610352
-70.0000610352
-70.0000610352
-70.0000610352
-70.0000610352
-70.0000610352
-70.0000610352
-70.0000610352
-70.0000610352
-70.0000610352
-70.0000610352
-70.0000610352
-70.0000610352
-70.0000610352
-70.0000610352
-70.0000610352
-70.0000610352
-70.0000610352
-70.0000610352
-70.0000610352
-70.0000610352
-70.0000610352
-70.0000610352
-70.0000610352
-70.0000610352
-70.0000610352
-70.0000610352
-70.0000610352
-70.0000610352
-70.0000610352
-70.0000610352
-70.0000610352
-70.0000610352
-70.0000610352
-70.0000610352
-70.0000610352
-70.0000610352
-70.0000610352
-70.0000610352
-70.0000610352
-70.0000610352
-70.0000610352
-70.0000610352
-70.0000610352
-70.0000610352
-70.0000610352
-70.0000610352
-70.0000610352
-70.0000610352
-70.0000610352
-70.0000610352
-70.0000610352
-70.0000610352
-70.0000610352
-70.0000610352
-70.0000610352
-70.0000610352
-70.0000610352
-70.0000610352
-70.0000610352
-70.0000610352
-70.0000610352
-70.0000610352
-70.0000610352
-70.0000610352
-70.0000610352
-70.0000610352
-70.0000610352
-70.0000610352
-70.0000610352
-70.0000610352
-70.0000610352
-70.0000610352
-70.0000610352
-70.0000610352
-70.0000610352
-70.0000610352
-70.0000610352
-70.0000610352
-70.0000610352
-70.0000610352
-70.0000610352
-70.0000610352
-70.0000610352
-70.0000610352
-70.0000610352
-70.0000610352
-70.0000610352
-70.0000610352
-70.0000610352
-70.0000610352
-70.0000610352
-70.0000610352
-70.0000610352
-70.0000610352
-70.0000610352
-70.0000610352
-70.0000610352
-70.0000610352
-70.0000610352
-70.0000610352
-70.0000610352
-70.0000610352
-70.0000610352
-70.0000610352
-70.0000610352
-70.0000610352
-70.0000610352
-70.0000610352
-70.0000610352
-70.0000610352
-70.0000610352
-70.0000610352
-70.0000610352
-70.0000610352
-70.0000610352
-70.0000610352
-70.0000610352
-70.0000610352
-70.0000610352
-70.0000610352
-70.0000610352
-70.0000610352
-70.0000610352
-70.0000610352
-70.0000610352
-70.0000610352
-70.0000610352
-70.0000610352
-70.0000610352
-70.0000610352
-70.0000610352
-70.0000610352
-70.0000610352
-70.0000610352
-70.0000610352
-70.0000610352
-70.0000610352
-70.0000610352
-70.0000610352
-70.0000610352
-70.0000610352
-70.0000610352
-70.0000610352
-70.0000610352
-70.0000610352
-70.0000610352
-70.0000610352
-70.0000610352
-70.0000610352
-70.0000610352
-70.0000610352
-70.0000610352
-70.0000610352
-70.0000610352
-70.0000610352
-70.0000610352
-70.0000610352
-70.0000610352
-70.0000610352
-70.0000610352
-70.0000610352
-70.0000610352
-70.0000610352
-70.0000610352
-70.0000610352
-70.0000610352
-70.0000610352
-70.0000610352
-70.0000610352
-70.0000610352
-70.0000610352
-70.0000610352
-70.0000610352
-70.0000610352
-70.0000610352
-70.0000610352
-70.0000610352
-70.0000610352
-70.0000610352
-70.0000610352
-70.0000610352
-70.0000610352
-70.0000610352
-70.0000610352
-70.0000610352
-70.0000610352
-70.0000610352
-70.0000610352
-70.0000610352
-70.0000610352
-70.0000610352
-70.0000610352
-70.0000610352
-70.0000610352
-70.0000610352
-70.0000610352
-70.0000610352
-70.0000610352
-70.0000610352
-70.0000610352
-70.0000610352
-70.0000610352
-70.0000610352
-70.0000610352
-70.0000610352
-70.0000610352
-70.0000610352
-70.0000610352
-70.0000610352
-70.0000610352
-70.0000610352
-70.0000610352
-70.0000610352
-70.0000610352
-70.0000610352
-70.0000610352
-70.0000610352
-70.0000610352
-70.0000610352
-70.0000610352
-70.0000610352
-70.0000610352
-70.0000610352
-70.0000610352
-70.0000610352
-70.0000610352
-70.0000610352
-70.0000610352
-70.0000610352
-70.0000610352
-70.0000610352
-70.0000610352
-70.0000610352
-70.0000610352
-70.0000610352
-70.0000610352
-70.0000610352
-70.0000610352
-70.0000610352
-70.0000610352
-70.0000610352
-70.0000610352
-70.0000610352
-70.0000610352
-70.0000610352
-70.0000610352
-70.0000610352
-70.0000610352
-70.0000610352
-70.0000610352
-70.0000610352
-70.0000610352
-70.0000610352
-70.0000610352
-70.0000610352
-70.0000610352
-70.0000610352
-70.0000610352
-70.0000610352
-70.0000610352
-70.0000610352
-70.0000610352
-70.0000610352
-70.0000610352
-70.0000610352
-70.0000610352
-70.0000610352
-70.0000610352
-70.0000610352
-70.0000610352
-70.0000610352
-70.0000610352
-70.0000610352
-70.0000610352
-70.0000610352
-70.0000610352
-70.0000610352
-70.0000610352
-70.0000610352
-70.0000610352
-70.0000610352
-70.0000610352
-70.0000610352
-70.0000610352
-70.0000610352
-70.0000610352
-70.0000610352
-70.0000610352
-70.0000610352
-70.0000610352
-70.0000610352
-70.0000610352
-70.0000610352
-70.0000610352
-70.0000610352
-70.0000610352
-70.0000610352
-70.0000610352
-70.0000610352
-70.0000610352
-70.0000610352
-70.0000610352
-70.0000610352
-70.0000610352
-70.0000610352
-70.0000610352
-70.0000610352
-70.0000610352
-70.0000610352
-70.0000610352
-70.0000610352
-70.0000610352
-70.0000610352
-70.0000610352
-70.0000610352
-70.0000610352
-70.0000610352
-70.0000610352
-70.0000610352
-70.0000610352
-70.0000610352
-70.0000610352
-70.0000610352
-70.0000610352
-70.0000610352
-70.0000610352
-70.0000610352
-70.0000610352
-70.0000610352
-70.0000610352
-70.0000610352
-70.0000610352
-70.0000610352
-70.0000610352
-70.0000610352
-70.0000610352
-70.0000610352
-70.0000610352
-70.0000610352
-70.0000610352
-70.0000610352
-70.0000610352
-70.0000610352
-70.0000610352
-70.0000610352
-70.0000610352
-70.0000610352
-70.0000610352
-70.0000610352
-70.0000610352
-70.0000610352
-70.0000610352
-70.0000610352
-70.0000610352
-70.0000610352
-70.0000610352
-70.0000610352
-70.0000610352
-70.0000610352
-70.0000610352
-70.0000610352
-70.0000610352
-70.0000610352
-70.0000610352
-70.0000610352
-70.0000610352
-70.0000610352
-70.0000610352
-70.0000610352
-70.0000610352
-70.0000610352
-70.0000610352
-70.0000610352
-70.0000610352
-70.0000610352
-70.0000610352
-70.0000610352
-70.0000610352
-70.0000610352
-70.0000610352
-70.0000610352
-70.0000610352
-70.0000610352
-70.0000610352
-70.0000610352
-70.0000610352
-70.0000610352
-70.0000610352
-70.0000610352
-70.0000610352
-70.0000610352
-70.0000610352
-70.0000610352
-70.0000610352
-70.0000610352
-70.0000610352
-70.0000610352
-70.0000610352
-70.0000610352
-70.0000610352
-70.0000610352
-70.0000610352
-70.0000610352
-70.0000610352
-70.0000610352
-70.0000610352
-70.0000610352
-70.0000610352
-70.0000610352
-70.0000610352
-70.0000610352
-70.0000610352
-70.0000610352
-70.0000610352
-70.0000610352
-70.0000610352
-70.0000610352
-70.0000610352
-70.0000610352
-70.0000610352
-70.0000610352
-70.0000610352
-70.0000610352
-70.0000610352
-70.0000610352
-70.0000610352
-70.0000610352
-70.0000610352
-70.0000610352
-70.0000610352
-70.0000610352
-70.0000610352
-70.0000610352
-70.0000610352
-70.0000610352
-70.0000610352
-70.0000610352
-70.0000610352
-70.0000610352
-70.0000610352
-70.0000610352
-70.0000610352
-70.0000610352
-70.0000610352
-70.0000610352
-70.0000610352
-70.0000610352
-70.0000610352
-70.0000610352
-70.0000610352
-70.0000610352
-70.0000610352
-70.0000610352
-70.0000610352
-70.0000610352
