-60
-59.9999
-59.9999
-59.9998
-59.9997
-59.9996
-59.9995
-59.9994
-59.9993
-59.9991
-59.9989
-59.9988
-59.9986
-59.9984
-59.9982
-59.9979
-59.9977
-59.9975
-59.9972
-59.997
-54.9967
-50.2464
-33
30
-42
-33
30
-42
-33
30
-42
-33
30
-42
-33
30
-42
-53.8279
-53.8061
-56.7057
-55.5789
-56.1863
-55.5351
-55.3578
-54.9252
-54.529
-54.0832
-53.6094
-53.1029
-52.5631
-51.9886
-51.378
-50.73
-50.0432
-33
30
-42
-33
30
-42
-51.9238
-53.1708
-54.8296
-54.7242
-54.7152
-54.3923
-54.0241
-53.5881
-53.1093
-52.5913
-52.0362
-51.4442
-50.8146
-50.1465
-33
30
-42
-33
30
-42
-52.1449
-53.2536
-55.0023
-54.8324
-54.8517
-54.52
-54.1602
-53.7297
-53.2581
-52.748
-52.2013
-51.6181
-50.9978
-50.3392
-33
30
-42
-33
30
-42
-52.2564
-53.2935
-55.0908
-54.8852
-54.9208
-54.5834
-54.2282
-53.8002
-53.3324
-52.8261
-52.2836
-51.7049
-51.0892
-50.4354
-33
30
-42
-33
30
-42
-52.3127
-53.3132
-55.136
-54.9114
-54.9558
-54.6152
-54.2624
-53.8357
-53.3697
-52.8655
-52.3251
-51.7486
-51.1352
-50.4839
-33
30
-42
-33
30
-42
-52.3412
-53.323
-55.159
-54.9245
-54.9736
-54.6312
-54.2797
-53.8537
-53.3886
-52.8854
-52.3461
-51.7707
-51.1585
-50.5084
-33
30
-42
-33
30
-42
-52.3556
-53.328
-55.1707
-54.9312
-54.9826
-54.6393
-54.2885
-53.8628
-53.3982
-52.8954
-52.3567
-51.7818
-51.1702
-50.5208
-33
30
-42
-33
30
-42
-52.3629
-53.3305
-55.1766
-54.9346
-54.9872
-54.6434
-54.293
-53.8674
-53.403
-52.9005
-52.362
-51.7875
-51.1762
-50.5271
-33
30
-42
-33
30
-42
-52.3666
-53.3318
-55.1796
-54.9363
-54.9895
-54.6455
-54.2952
-53.8697
-53.4055
-52.9031
-52.3648
-51.7904
-51.1792
-50.5303
-33
30
-42
-33
30
-42
-52.3685
-53.3324
-55.1812
-54.9371
-54.9907
-54.6466
-54.2964
-53.8709
-53.4067
-52.9044
-52.3662
-51.7918
-51.1808
-50.5319
-33
30
-42
-33
30
-42
-52.3695
-53.3328
-55.1819
-54.9376
-54.9913
-54.6471
-54.2969
-53.8715
-53.4074
-52.9051
-52.3669
-51.7926
-51.1816
-50.5327
-33
30
-42
-33
30
-42
-52.3699
-53.3329
-55.1823
-54.9378
-54.9916
-54.6474
-54.2972
-53.8718
-53.4077
-52.9054
-52.3672
-51.793
-51.182
-50.5331
-33
30
-42
-33
30
-42
-52.3702
-53.333
-55.1825
-54.9379
-54.9917
-54.6475
-54.2974
-53.872
-53.4079
-52.9056
-52.3674
-51.7932
-51.1822
-50.5333
-33
30
-42
-33
30
-42
-52.3703
-53.3331
-55.1826
-54.938
-54.9918
-54.6476
-54.2975
-53.872
-53.4079
-52.9057
-52.3675
-51.7933
-51.1823
-50.5334
-33
30
-42
-33
30
-42
-52.3704
-53.3331
-55.1827
-54.938
-54.9918
-54.6476
-54.2975
-53.8721
-53.408
-52.9058
-52.3675
-51.7933
-51.1823
-50.5335
-33
30
-42
-33
30
-42
-52.3704
-53.3331
-55.1827
-54.938
-54.9919
-54.6477
-54.2975
-53.8721
-53.408
-52.9058
-52.3676
-51.7933
-51.1823
-50.5335
-33
30
-42
-33
30
-42
-52.3704
-53.3331
-55.1827
-54.938
-54.9919
-54.6477
-54.2975
-53.8721
-53.408
-52.9058
-52.3676
-51.7933
-51.1823
-50.5335
-33
30
-42
-33
30
-42
-52.3704
-53.3331
-55.1827
-54.938
-54.9919
-54.6477
-54.2975
-53.8721
-53.408
-52.9058
-52.3676
-51.7933
-51.1824
-50.5335
-33
30
-42
-33
30
-42
-52.3705
-53.3331
-55.1827
-54.938
-54.9919
-54.6477
-54.2975
-53.8721
-53.408
-52.9058
-52.3676
-51.7933
-51.1824
-50.5335
-33
30
-42
-33
30
-42
-52.3705
-53.3331
-55.1827
-54.938
-54.9919
-54.6477
-54.2975
-53.8721
-53.408
-52.9058
-52.3676
-51.7933
-51.1824
-50.5335
-33
30
-42
-33
30
-42
-52.3705
-53.3331
-55.1827
-54.938
-54.9919
-54.6477
-54.2975
-53.8721
-53.408
-52.9058
-52.3676
-51.7933
-51.1824
-50.5335
-33
30
-42
-33
30
-42
-52.3705
-53.3331
-55.1827
-54.938
-54.9919
-54.6477
-54.2975
-53.8721
-53.408
-52.9058
-52.3676
-51.7933
-51.1824
-50.5335
-33
30
-42
-33
30
-42
-52.3705
-53.3331
-55.1827
-54.938
-54.9919
-54.6477
-54.2975
-53.8721
-53.408
-52.9058
-52.3676
-51.7933
-51.1824
-50.5335
-33
30
-42
-33
30
-42
-52.3705
-53.3331
-55.1827
-54.938
-54.9919
-54.6477
-54.2975
-53.8721
-53.408
-52.9058
-52.3676
-51.7933
-51.1824
-50.5335
-33
30
-42
-33
30
-42
-52.3705
-53.3331
-55.1827
-54.938
-54.9919
-54.6477
-54.2975
-53.8721
-53.408
-52.9058
-52.3676
-51.7933
-51.1824
-50.5335
-33
30
-42
-33
30
-42
-52.3705
-53.3331
-55.1827
-54.938
-54.9919
-54.6477
-54.2975
-53.8721
-53.408
-52.9058
-52.3676
-51.7933
-51.1824
-50.5335
-33
30
-42
-33
30
-42
-52.3705
-53.3331
-55.1827
-54.938
-54.9919
-54.6477
-54.2975
-53.8721
-53.408
-52.9058
-52.3676
-51.7933
-51.1824
-50.5335
-33
30
-42
-33
30
-42
-52.3705
-53.3331
-55.1827
-54.938
-54.9919
-54.6477
-54.2975
-53.8721
-53.408
-52.9058
-52.3676
-51.7933
-51.1824
-50.5335
-33
30
-42
-33
30
-42
-52.3705
-53.3331
-55.1827
-54.938
-54.9919
-54.6477
-54.2975
-53.8721
-53.408
-52.9058
-52.3676
-51.7933
-51.1824
-50.5335
-33
30
-42
-33
30
-42
-52.3705
-53.3331
-55.1827
-54.938
-54.9919
-54.6477
-54.2975
-53.8721
-53.408
-52.9058
-52.3676
-51.7933
-51.1824
-50.5335
-33
30
-42
-33
30
-42
-52.3705
-53.3331
-55.1827
-54.938
-54.9919
-54.6477
-54.2975
-53.8721
-53.408
-52.9058
-52.3676
-51.7933
-51.1824
-50.5335
-33
30
-42
-33
30
-42
-52.3705
-53.3331
-55.1827
-54.938
-54.9919
-54.6477
-54.2975
-53.8721
-53.408
-52.9058
-52.3676
-51.7933
-51.1824
-50.5335
-33
30
-42
-33
30
-42
-52.3705
-53.3331
-55.1827
-54.938
-54.9919
-54.6477
-54.2975
-53.8721
-53.408
-52.9058
-52.3676
-51.7933
-51.1824
-50.5335
-33
30
-42
-33
30
-42
-52.3705
-53.3331
-55.1827
-54.938
-54.9919
-54.6477
-54.2975
-53.8721
-53.408
-52.9058
-52.3676
-51.7933
-51.1824
-50.5335
-33
30
-42
-33
30
-42
-52.3705
-53.3331
-55.1827
-54.938
-54.9919
-54.6477
-54.2975
-53.8721
-53.408
-52.9058
-52.3676
-51.7933
-51.1824
-50.5335
-33
30
-42
-33
30
-42
-52.3705
-53.3331
-55.1827
-54.938
-54.9919
-54.6477
-54.2975
-53.8721
-53.408
-52.9058
-52.3676
-51.7933
-51.1824
-50.5335
-33
30
-42
-33
30
-42
-52.3705
-53.3331
-55.1827
-54.938
-54.9919
-54.6477
-54.2975
-53.8721
-53.408
-52.9058
-52.3676
-51.7934
-51.1824
-50.5335
-33
30
-42
-33
30
-42
-52.3705
-53.3331
-55.1827
-54.938
-54.9919
-54.6477
-54.2975
-53.8721
-53.408
-52.9058
-52.3676
-51.7933
-51.1824
-50.5335
-33
30
-42
-33
30
-42
-52.3705
-53.3331
-55.1827
-54.938
-54.9919
-54.6477
-54.2975
-53.8721
-53.408
-52.9058
-52.3676
-51.7933
-51.1824
-50.5335
-33
30
-42
-33
30
-42
-52.3705
-53.3331
-55.1827
-54.938
-54.9919
-54.6477
-54.2975
-53.8721
-53.408
-52.9058
-52.3676
-51.7933
-51.1824
-50.5335
-33
30
-42
-33
30
-42
-52.3705
-53.3331
-55.1827
-54.938
-54.9919
-54.6477
-54.2975
-53.8721
-53.408
-52.9058
-52.3676
-51.7933
-51.1824
-50.5335
-33
30
-42
-33
30
-42
-52.3705
-53.3331
-55.1827
-54.938
-54.9919
-54.6477
-54.2975
-53.8721
-53.408
-52.9058
-52.3676
-51.7933
-51.1824
-50.5335
-33
30
-42
-33
30
-42
-52.3705
-53.3331
-55.1827
-54.938
-54.9919
-54.6477
-54.2975
-53.8721
-53.408
-52.9058
-52.3676
-51.7933
-51.1824
-50.5335
-33
30
-42
-33
30
-42
-52.3705
-53.3331
-55.1827
-54.938
-54.9919
-54.6477
-54.2975
-53.8721
-53.408
-52.9058
-52.3676
-51.7933
-51.1824
-50.5335
-33
30
-42
-33
30
-42
-52.3705
-53.3331
-55.1827
-54.938
-54.9919
-54.6477
-54.2975
-53.8721
-53.408
-52.9058
-52.3676
-51.7933
-51.1824
-50.5335
-33
30
-42
-33
30
-42
-52.3705
-53.3331
-55.1827
-54.938
-54.9919
-54.6477
-54.2975
-53.8721
-53.408
-52.9058
-52.3676
-51.7933
-51.1824
-50.5335
-33
30
-42
-33
30
-42
-52.3705
-53.3331
-55.1827
-54.938
-54.9919
-54.6477
-54.2975
-53.8721
-53.408
-52.9058
-52.3676
-51.7933
-51.1824
-50.5335
-33
30
-42
-33
30
-42
-52.3705
-53.3331
-55.1827
-54.938
-54.9919
-54.6477
-54.2975
-53.8721
-53.408
-52.9058
-52.3676
-51.7933
-51.1824
-50.5335
-33
30
-42
-33
30
