-65
-65
-65
-65
-65
-65.0001
-65.0001
-65.0001
-65.0001
-65.0001
-65.0001
-65.0002
-65.0002
-65.0002
-65.0002
-65.0002
-65.0002
-65.0002
-65.0002
-65.0002
-47.1802
-38
30
-38
-43
-38
30
-38
-43
-38
30
-38
-43
-57.4148
-58.806
-58.7755
-58.5824
-58.3633
-58.1353
-57.9004
-57.6588
-57.4102
-57.1545
-56.8915
-56.6209
-56.3425
-56.056
-55.7613
-55.4581
-55.1462
-54.8251
-54.4948
-54.1549
-53.8051
-53.4451
-53.0746
-52.6934
-52.301
-51.8972
-51.4816
-51.0538
-50.6135
-50.1604
-49.694
-49.214
-48.7199
-48.2114
-47.688
-47.1492
-38
30
-38
-43
-56.1199
-57.7889
-57.8398
-57.6437
-57.4027
-57.1482
-56.8852
-56.6145
-56.3359
-56.0493
-55.7544
-55.451
-55.1388
-54.8176
-54.4871
-54.1469
-53.7969
-53.4367
-53.066
-52.6845
-52.2918
-51.8877
-51.4718
-51.0438
-50.6032
-50.1498
-49.6831
-49.2027
-48.7083
-48.1994
-47.6757
-47.1366
-38
30
-38
-43
-56.115
-57.785
-57.8362
-57.6401
-57.399
-57.1444
-56.8813
-56.6105
-56.3318
-56.0451
-55.75
-55.4465
-55.1342
-54.8128
-54.4821
-54.1418
-53.7917
-53.4313
-53.0604
-52.6788
-52.286
-51.8817
-51.4656
-51.0374
-50.5967
-50.143
-49.6761
-49.1956
-48.7009
-48.1919
-47.6679
-47.1286
-38
30
-38
-43
-56.1119
-57.7824
-57.8338
-57.6378
-57.3966
-57.142
-56.8788
-56.6079
-56.3291
-56.0423
-55.7472
-55.4436
-55.1312
-54.8098
-54.479
-54.1386
-53.7883
-53.4279
-53.0569
-52.6752
-52.2822
-51.8779
-51.4617
-51.0333
-50.5925
-50.1387
-49.6717
-49.191
-48.6963
-48.187
-47.6629
-47.1235
-38
30
-38
-43
-56.1099
-57.7808
-57.8324
-57.6363
-57.3951
-57.1404
-56.8772
-56.6063
-56.3275
-56.0406
-55.7455
-55.4418
-55.1294
-54.8078
-54.477
-54.1366
-53.7862
-53.4257
-53.0547
-52.6729
-52.2799
-51.8754
-51.4592
-51.0308
-50.5898
-50.136
-49.6689
-49.1881
-48.6933
-48.184
-47.6598
-47.1202
-38
30
-38
-43
-56.1087
-57.7798
-57.8314
-57.6354
-57.3942
-57.1394
-56.8762
-56.6052
-56.3264
-56.0395
-55.7444
-55.4406
-55.1282
-54.8066
-54.4757
-54.1353
-53.7849
-53.4243
-53.0533
-52.6714
-52.2784
-51.8739
-51.4576
-51.0291
-50.5882
-50.1343
-49.6671
-49.1863
-48.6914
-48.182
-47.6578
-47.1182
-38
30
-38
-43
-56.1079
-57.7792
-57.8308
-57.6348
-57.3936
-57.1388
-56.8756
-56.6046
-56.3257
-56.0388
-55.7436
-55.4399
-55.1274
-54.8058
-54.4749
-54.1344
-53.784
-53.4235
-53.0524
-52.6705
-52.2774
-51.8729
-51.4566
-51.0281
-50.5871
-50.1332
-49.666
-49.1851
-48.6902
-48.1808
-47.6565
-47.1168
-38
30
-38
-43
-56.1074
-57.7788
-57.8305
-57.6344
-57.3932
-57.1384
-56.8752
-56.6042
-56.3253
-56.0384
-55.7432
-55.4394
-55.1269
-54.8053
-54.4744
-54.1339
-53.7835
-53.4229
-53.0518
-52.6699
-52.2768
-51.8723
-51.4559
-51.0274
-50.5864
-50.1325
-49.6653
-49.1844
-48.6894
-48.18
-47.6557
-47.116
-38
30
-38
-43
-56.107
-57.7785
-57.8302
-57.6341
-57.3929
-57.1382
-56.8749
-56.6039
-56.325
-56.0381
-55.7429
-55.4391
-55.1266
-54.805
-54.4741
-54.1336
-53.7832
-53.4225
-53.0514
-52.6695
-52.2764
-51.8719
-51.4555
-51.027
-50.586
-50.132
-49.6648
-49.1839
-48.6889
-48.1795
-47.6552
-47.1155
-38
30
-38
-43
-56.1068
-57.7784
-57.8301
-57.634
-57.3928
-57.138
-56.8748
-56.6037
-56.3248
-56.0379
-55.7427
-55.4389
-55.1264
-54.8048
-54.4739
-54.1334
-53.7829
-53.4223
-53.0512
-52.6693
-52.2762
-51.8716
-51.4553
-51.0267
-50.5857
-50.1317
-49.6645
-49.1836
-48.6886
-48.1792
-47.6548
-47.1151
-38
30
-38
-43
-56.1067
-57.7782
-57.83
-57.6339
-57.3927
-57.1379
-56.8746
-56.6036
-56.3247
-56.0378
-55.7426
-55.4388
-55.1263
-54.8047
-54.4738
-54.1332
-53.7828
-53.4222
-53.051
-52.6691
-52.276
-51.8715
-51.4551
-51.0266
-50.5855
-50.1315
-49.6643
-49.1834
-48.6884
-48.179
-47.6546
-47.1149
-38
30
-38
-43
-56.1066
-57.7782
-57.8299
-57.6338
-57.3926
-57.1378
-56.8746
-56.6035
-56.3247
-56.0377
-55.7425
-55.4387
-55.1262
-54.8046
-54.4737
-54.1331
-53.7827
-53.4221
-53.0509
-52.669
-52.2759
-51.8714
-51.455
-51.0264
-50.5854
-50.1314
-49.6642
-49.1833
-48.6883
-48.1788
-47.6545
-47.1148
-38
30
-38
-43
-56.1065
-57.7781
-57.8299
-57.6338
-57.3926
-57.1378
-56.8745
-56.6035
-56.3246
-56.0377
-55.7424
-55.4387
-55.1261
-54.8046
-54.4736
-54.1331
-53.7826
-53.422
-53.0509
-52.6689
-52.2759
-51.8713
-51.4549
-51.0264
-50.5853
-50.1313
-49.6641
-49.1832
-48.6882
-48.1787
-47.6544
-47.1147
-38
30
-38
-43
-56.1065
-57.7781
-57.8298
-57.6338
-57.3925
-57.1378
-56.8745
-56.6035
-56.3246
-56.0376
-55.7424
-55.4387
-55.1261
-54.8045
-54.4736
-54.133
-53.7826
-53.422
-53.0508
-52.6689
-52.2758
-51.8713
-51.4549
-51.0263
-50.5853
-50.1313
-49.6641
-49.1831
-48.6882
-48.1787
-47.6543
-47.1146
-38
30
-38
-43
-56.1065
-57.7781
-57.8298
-57.6337
-57.3925
-57.1377
-56.8745
-56.6034
-56.3246
-56.0376
-55.7424
-55.4386
-55.1261
-54.8045
-54.4736
-54.133
-53.7826
-53.422
-53.0508
-52.6689
-52.2758
-51.8712
-51.4548
-51.0263
-50.5852
-50.1313
-49.664
-49.1831
-48.6881
-48.1787
-47.6543
-47.1146
-38
30
-38
-43
-56.1065
-57.7781
-57.8298
-57.6337
-57.3925
-57.1377
-56.8745
-56.6034
-56.3245
-56.0376
-55.7424
-55.4386
-55.1261
-54.8045
-54.4735
-54.133
-53.7826
-53.4219
-53.0508
-52.6689
-52.2758
-51.8712
-51.4548
-51.0263
-50.5852
-50.1312
-49.664
-49.1831
-48.6881
-48.1786
-47.6543
-47.1146
-38
30
-38
-43
-56.1065
-57.7781
-57.8298
-57.6337
-57.3925
-57.1377
-56.8745
-56.6034
-56.3245
-56.0376
-55.7424
-55.4386
-55.1261
-54.8045
-54.4735
-54.133
-53.7826
-53.4219
-53.0508
-52.6688
-52.2757
-51.8712
-51.4548
-51.0263
-50.5852
-50.1312
-49.664
-49.1831
-48.6881
-48.1786
-47.6542
-47.1145
-38
30
-38
-43
-56.1065
-57.7781
-57.8298
-57.6337
-57.3925
-57.1377
-56.8745
-56.6034
-56.3245
-56.0376
-55.7424
-55.4386
-55.1261
-54.8045
-54.4735
-54.133
-53.7826
-53.4219
-53.0508
-52.6688
-52.2757
-51.8712
-51.4548
-51.0263
-50.5852
-50.1312
-49.664
-49.1831
-48.6881
-48.1786
-47.6542
-47.1145
-38
30
-38
-43
-56.1065
-57.7781
-57.8298
-57.6337
-57.3925
-57.1377
-56.8745
-56.6034
-56.3245
-56.0376
-55.7424
-55.4386
-55.1261
-54.8045
-54.4735
-54.133
-53.7826
-53.4219
-53.0508
-52.6688
-52.2757
-51.8712
-51.4548
-51.0263
-50.5852
-50.1312
-49.664
-49.1831
-48.6881
-48.1786
-47.6542
-47.1145
-38
30
-38
-43
-56.1065
-57.7781
-57.8298
-57.6337
-57.3925
-57.1377
-56.8745
-56.6034
-56.3245
-56.0376
-55.7424
-55.4386
-55.1261
-54.8045
-54.4735
-54.133
-53.7826
-53.4219
-53.0508
-52.6688
-52.2757
-51.8712
-51.4548
-51.0263
-50.5852
-50.1312
-49.664
-49.1831
-48.6881
-48.1786
-47.6542
-47.1145
-38
30
-38
-43
-56.1065
-57.7781
-57.8298
-57.6337
-57.3925
-57.1377
-56.8745
-56.6034
-56.3245
-56.0376
-55.7424
-55.4386
-55.1261
-54.8045
-54.4735
-54.133
-53.7826
-53.4219
-53.0508
-52.6688
-52.2757
-51.8712
-51.4548
-51.0263
-50.5852
-50.1312
-49.664
-49.1831
-48.6881
-48.1786
-47.6542
-47.1145
-38
30
-38
-43
-56.1065
-57.7781
-57.8298
-57.6337
-57.3925
-57.1377
-56.8745
-56.6034
-56.3245
-56.0376
-55.7424
-55.4386
-55.1261
-54.8045
-54.4735
-54.133
-53.7826
-53.4219
-53.0508
-52.6688
-52.2757
-51.8712
-51.4548
-51.0263
-50.5852
-50.1312
-49.664
-49.1831
-48.6881
-48.1786
-47.6542
-47.1145
-38
30
-38
-43
-56.1065
-57.7781
-57.8298
-57.6337
-57.3925
-57.1377
-56.8745
-56.6034
-56.3245
-56.0376
-55.7424
-55.4386
-55.1261
-54.8045
-54.4735
-54.133
-53.7826
-53.4219
-53.0508
-52.6688
-52.2757
-51.8712
-51.4548
-51.0263
-50.5852
-50.1312
-49.664
-49.1831
-48.6881
-48.1786
-47.6542
-47.1145
-38
30
-38
-43
-56.1065
-57.7781
-57.8298
-57.6337
-57.3925
-57.1377
-56.8745
-56.6034
-56.3245
-56.0376
-55.7424
-55.4386
-55.1261
-54.8045
-54.4735
-54.133
-53.7826
-53.4219
-53.0508
-52.6688
-52.2757
-51.8712
-51.4548
-51.0263
-50.5852
-50.1312
-49.664
-49.1831
-48.6881
-48.1786
-47.6542
-47.1145
-38
30
-38
-43
-56.1065
-57.7781
-57.8298
-57.6337
-57.3925
-57.1377
-56.8745
-56.6034
-56.3245
-56.0376
-55.7424
-55.4386
-55.1261
-54.8045
-54.4735
-54.133
-53.7826
-53.4219
-53.0508
-52.6688
-52.2757
-51.8712
-51.4548
-51.0263
-50.5852
-50.1312
-49.664
-49.1831
-48.6881
-48.1786
-47.6542
-47.1145
-38
30
-38
-43
-56.1065
-57.7781
-57.8298
-57.6337
-57.3925
-57.1377
-56.8745
-56.6034
-56.3245
-56.0376
-55.7424
-55.4386
-55.1261
-54.8045
-54.4735
-54.133
-53.7826
-53.4219
-53.0508
-52.6688
-52.2757
-51.8712
-51.4548
-51.0263
-50.5852
-50.1312
-49.664
-49.1831
-48.6881
-48.1786
-47.6542
-47.1145
-38
30
-38
-43
-56.1065
-57.7781
-57.8298
-57.6337
-57.3925
-57.1377
-56.8745
-56.6034
-56.3245
-56.0376
-55.7424
-55.4386
-55.1261
-54.8045
-54.4735
-54.133
-53.7826
-53.4219
-53.0508
-52.6688
-52.2757
-51.8712
-51.4548
-51.0263
-50.5852
-50.1312
