-64.12
-68.037
-70.6512
-71.9125
-72.39
-72.5304
-72.5439
-72.5122
-72.465
-72.4129
-63.837
-57.5819
-49.5092
-32.4642
30
-66.6866
-67.7437
-68.2621
-68.4146
-68.3473
-68.154
-67.8878
-67.5772
-67.2364
-66.8723
-66.4876
-66.0822
-65.6544
-65.2008
-64.7164
-64.1943
-63.6245
-62.993
-62.279
-61.4509
-60.4576
-59.2112
-57.548
-55.1251
-51.1028
-42.8644
-18.0546
30
-70.9253
-73.8355
-74.5884
-74.5735
-74.3506
-74.0741
-73.7834
-73.4886
-73.1923
-72.895
-72.5967
-72.2973
-71.9967
-71.6945
-71.3905
-71.0844
-70.7759
-70.4646
-70.15
-69.8318
-69.5094
-69.1821
-68.8493
-68.5102
-68.1638
-67.809
-67.4445
-67.0687
-66.6796
-66.2749
-65.8516
-65.4059
-64.9328
-64.426
-63.8767
-63.2725
-62.5959
-61.8205
-60.9048
-59.7797
-58.3208
-56.2814
-53.1005
-47.2214
-32.6743
30
-70.8288
-73.7128
-74.4735
-74.4659
-74.2461
-73.9707
-73.6803
-73.3855
-73.089
-72.7914
-72.4928
-72.193
-71.8919
-71.5891
-71.2844
-70.9775
-70.6681
-70.3557
-70.04
-69.7204
-69.3963
-69.0672
-68.7323
-68.3908
-68.0416
-67.6836
-67.3153
-66.9351
-66.5409
-66.1301
-65.6995
-65.2449
-64.761
-64.2406
-63.6738
-63.0468
-62.3394
-61.5211
-60.5425
-59.3197
-57.697
-55.3519
-51.5061
-43.7885
-21.4674
30
-70.9003
-73.8038
-74.5587
-74.5458
-74.3236
-74.0474
-73.7569
-73.4621
-73.1656
-72.8682
-72.5699
-72.2704
-71.9696
-71.6673
-71.3631
-71.0569
-70.7481
-70.4365
-70.1217
-69.8031
-69.4803
-69.1526
-68.8192
-68.4795
-68.1324
-67.7768
-67.4113
-67.0344
-66.644
-66.2377
-65.8126
-65.3646
-64.8889
-64.3787
-63.8249
-63.2151
-62.5309
-61.7449
-60.8138
-59.665
-58.1668
-56.0554
-52.7216
-46.4369
-30.3076
30
-70.8425
-73.7303
-74.4899
-74.4812
-74.261
-73.9855
-73.6951
-73.4003
-73.1038
-72.8062
-72.5076
-72.2079
-71.9068
-71.6041
-71.2996
-70.9928
-70.6835
-70.3713
-70.0557
-69.7363
-69.4125
-69.0836
-68.7491
-68.4079
-68.0591
-67.7016
-67.3338
-66.9543
-66.5608
-66.151
-65.7214
-65.2681
-64.7858
-64.2674
-63.7032
-63.0796
-62.3769
-61.5649
-60.5959
-59.3881
-57.7908
-55.494
-51.7562
-44.3502
-23.4565
30
-70.8865
-73.7863
-74.5423
-74.5304
-74.3087
-74.0327
-73.7421
-73.4473
-73.1509
-72.8535
-72.5551
-72.2555
-71.9547
-71.6523
-71.348
-71.0416
-70.7327
-70.421
-70.106
-69.7872
-69.4642
-69.1362
-68.8026
-68.4625
-68.115
-67.7589
-67.3929
-67.0154
-66.6243
-66.2172
-65.791
-65.3418
-64.8645
-64.3523
-63.7962
-63.1832
-62.4947
-61.7027
-60.7629
-59.6005
-58.0798
-55.9267
-52.5033
-45.9763
-28.8663
30
-70.8513
-73.7415
-74.5004
-74.491
-74.2705
-73.9949
-73.7044
-73.4096
-73.1132
-72.8156
-72.5171
-72.2174
-71.9164
-71.6137
-71.3092
-71.0025
-70.6933
-70.3812
-70.0657
-69.7465
-69.4228
-69.0941
-68.7597
-68.4188
-68.0703
-67.713
-67.3457
-66.9665
-66.5735
-66.1642
-65.7353
-65.2829
-64.8016
-64.2844
-63.7218
-63.1004
-62.4005
-61.5927
-60.6296
-59.4312
-57.8497
-55.5828
-51.9112
-44.694
-24.643
30
-70.8785
-73.7761
-74.5328
-74.5214
-74.3
-74.0241
-73.7336
-73.4388
-73.1423
-72.8449
-72.5464
-72.2469
-71.946
-71.6435
-71.3392
-71.0327
-70.7238
-70.412
-70.0969
-69.778
-69.4548
-69.1266
-68.7928
-68.4525
-68.1048
-67.7485
-67.3822
-67.0043
-66.6128
-66.2051
-65.7784
-65.3284
-64.8502
-64.337
-63.7794
-63.1644
-62.4734
-61.6779
-60.7329
-59.5625
-58.0283
-55.8502
-52.3728
-45.6978
-27.9754
30
-70.8569
-73.7485
-74.507
-74.4973
-74.2765
-74.0009
-73.7104
-73.4156
-73.1191
-72.8216
-72.5231
-72.2234
-71.9224
-71.6198
-71.3154
-71.0087
-70.6995
-70.3875
-70.0721
-69.7529
-69.4293
-69.1008
-68.7665
-68.4257
-68.0773
-67.7203
-67.3531
-66.9742
-66.5816
-66.1726
-65.7441
-65.2922
-64.8115
-64.2952
-63.7336
-63.1135
-62.4155
-61.6102
-60.6509
-59.4583
-57.8867
-55.6385
-52.008
-44.9069
-25.3661
30
-70.8737
-73.77
-74.5271
-74.5161
-74.2948
-74.0189
-73.7284
-73.4336
-73.1372
-72.8397
-72.5413
-72.2417
-71.9408
-71.6383
-71.3339
-71.0274
-70.7184
-70.4065
-70.0914
-69.7724
-69.4491
-69.1209
-68.787
-68.4466
-68.0987
-67.7422
-67.3757
-66.9976
-66.6058
-66.1979
-65.7708
-65.3204
-64.8417
-64.3277
-63.7692
-63.1532
-62.4606
-61.6629
-60.7148
-59.5395
-57.9972
-55.8038
-52.2932
-45.5269
-27.4217
30
-70.8604
-73.753
-74.5112
-74.5012
-74.2803
-74.0046
-73.7142
-73.4193
-73.1229
-72.8254
-72.5269
-72.2272
-71.9263
-71.6237
-71.3192
-71.0126
-70.7035
-70.3915
-70.0761
-69.757
-69.4335
-69.105
-68.7708
-68.43
-68.0818
-67.7248
-67.3578
-66.9791
-66.5866
-66.1779
-65.7497
-65.2981
-64.8178
-64.302
-63.741
-63.1218
-62.4249
-61.6212
-60.6643
-59.4753
-57.9099
-55.6732
-52.0683
-45.0389
-25.8099
30
-70.8708
-73.7663
-74.5236
-74.5128
-74.2917
-74.0158
-73.7253
-73.4305
-73.134
-72.8366
-72.5381
-72.2385
-71.9376
-71.6351
-71.3307
-71.0242
-70.7151
-70.4032
-70.088
-69.769
-69.4457
-69.1174
-68.7834
-68.443
-68.095
-67.7384
-67.3718
-66.9935
-66.6016
-66.1935
-65.7662
-65.3155
-64.8365
-64.3221
-63.7631
-63.1463
-62.4528
-61.6538
-60.7038
-59.5256
-57.9783
-55.7755
-52.2447
-45.4222
-27.0799
30
-70.8626
-73.7558
-74.5138
-74.5036
-74.2827
-74.007
-73.7165
-73.4217
-73.1252
-72.8277
-72.5292
-72.2296
-71.9286
-71.6261
-71.3216
-71.015
-70.7059
-70.3939
-70.0786
-69.7595
-69.436
-69.1076
-68.7734
-68.4328
-68.0845
-67.7277
-67.3607
-66.9821
-66.5898
-66.1811
-65.7531
-65.3017
-64.8217
-64.3062
-63.7457
-63.1269
-62.4308
-61.6281
-60.6726
-59.4859
-57.9242
-55.6948
-52.1055
-45.1201
-26.0814
30
-70.869
-73.764
-74.5215
-74.5108
-74.2897
-74.0139
-73.7234
-73.4286
-73.1321
-72.8347
-72.5362
-72.2366
-71.9356
-71.6331
-71.3287
-71.0222
-70.7132
-70.4012
-70.086
-69.767
-69.4436
-69.1153
-68.7813
-68.4408
-68.0928
-67.7361
-67.3694
-66.9911
-66.5991
-66.1909
-65.7634
-65.3126
-64.8333
-64.3187
-63.7594
-63.1422
-62.4481
-61.6483
-60.6971
-59.5171
-57.9667
-55.7582
-52.2149
-45.3578
-26.8684
30
-70.8639
-73.7575
-74.5154
-74.5051
-74.2842
-74.0084
-73.7179
-73.4231
-73.1267
-72.8292
-72.5307
-72.2311
-71.9301
-71.6275
-71.3231
-71.0165
-70.7075
-70.3955
-70.0802
-69.7611
-69.4376
-69.1092
-68.7751
-68.4344
-68.0863
-67.7295
-67.3626
-66.984
-66.5917
-66.1832
-65.7553
-65.304
-64.8242
-64.3088
-63.7486
-63.1302
-62.4344
-61.6324
-60.6778
-59.4925
-57.9333
-55.7083
-52.1288
-45.171
-26.2506
30
-70.8679
-73.7626
-74.5202
-74.5096
-74.2885
-74.0127
-73.7222
-73.4274
-73.131
-72.8335
-72.535
-72.2354
-71.9344
-71.6319
-71.3275
-71.021
-70.7119
-70.4
-70.0847
-69.7657
-69.4423
-69.114
-68.7799
-68.4394
-68.0914
-67.7347
-67.368
-66.9896
-66.5975
-66.1892
-65.7616
-65.3107
-64.8313
-64.3165
-63.757
-63.1396
-62.4451
-61.6449
-60.6929
-59.5117
-57.9595
-55.7474
-52.1964
-45.3177
-26.7362
30
-70.8648
-73.7586
-74.5164
-74.5061
-74.2851
-74.0093
-73.7188
-73.424
-73.1276
-72.8301
-72.5316
-72.232
-71.931
-71.6285
-71.3241
-71.0175
-70.7084
-70.3964
-70.0811
-69.762
-69.4386
-69.1102
-68.7761
-68.4355
-68.0873
-67.7306
-67.3637
-66.9852
-66.5929
-66.1845
-65.7566
-65.3054
-64.8257
-64.3105
-63.7504
-63.1322
-62.4367
-61.635
-60.681
-59.4966
-57.9388
-55.7166
-52.1432
-45.2023
-26.3546
30
-70.8672
-73.7617
-74.5194
-74.5088
-74.2878
-74.012
-73.7215
-73.4267
-73.1302
-72.8328
-72.5343
-72.2347
-71.9337
-71.6312
-71.3268
-71.0202
-70.7112
-70.3992
-70.084
-69.7649
-69.4415
-69.1132
-68.7791
-68.4386
-68.0905
-67.7338
-67.367
-66.9886
-66.5965
-66.1882
-65.7605
-65.3096
-64.8301
-64.3152
-63.7556
-63.138
-62.4433
-61.6427
-60.6903
-59.5084
-57.955
-55.7407
-52.1848
-45.2926
-26.6535
30
-70.8653
-73.7593
-74.5171
-74.5067
-74.2857
-74.0099
-73.7194
-73.4246
-73.1282
-72.8307
-72.5322
-72.2326
-71.9316
-71.6291
-71.3247
-71.0181
-70.709
-70.397
-70.0818
-69.7627
-69.4393
-69.1109
-68.7768
-68.4362
-68.0881
-67.7313
-67.3644
-66.9859
-66.5937
-66.1853
-65.7575
-65.3064
-64.8267
-64.3115
-63.7515
-63.1334
-62.4382
-61.6367
-60.683
-59.4992
-57.9424
-55.7219
-52.1524
-45.2222
-26.4207
30
-70.8668
-73.7612
-74.5189
-74.5084
-74.2873
-74.0115
-73.721
-73.4262
-73.1298
-72.8323
-72.5338
-72.2342
-71.9332
-71.6307
-71.3263
-71.0197
-70.7107
-70.3987
-70.0835
-69.7644
-69.441
-69.1126
-68.7786
-68.438
-68.09
-67.7332
-67.3665
-66.988
-66.5959
-66.1875
-65.7599
-65.3089
-64.8294
-64.3144
-63.7547
-63.137
-62.4422
-61.6414
-60.6887
-59.5064
-57.9522
-55.7366
-52.1778
-45.2773
-26.6032
30
-70.8656
-73.7597
-74.5174
-74.507
-74.286
-74.0102
-73.7198
-73.425
-73.1285
-72.831
-72.5325
-72.2329
-71.932
-71.6294
-71.325
-71.0184
-70.7094
-70.3974
-70.0821
-69.7631
-69.4396
-69.1113
-68.7772
-68.4366
-68.0885
-67.7317
-67.3649
-66.9864
-66.5942
-66.1858
-65.758
-65.3069
-64.8272
-64.3121
-63.7522
-63.1342
-62.439
-61.6377
-60.6842
-59.5007
-57.9444
-55.725
-52.1576
-45.2336
-26.4584
30
-70.8666
-73.7609
-74.5186
-74.5081
-74.2871
-74.0113
-73.7208
-73.426
-73.1295
-72.832
-72.5335
-72.2339
-71.933
-71.6304
-71.326
-71.0195
-70.7104
-70.3984
-70.0832
-69.7641
-69.4407
-69.1124
-68.7783
-68.4377
-68.0897
-67.7329
-67.3661
-66.9877
-66.5955
-66.1872
-65.7595
-65.3085
-64.8289
-64.3139
-63.7542
-63.1364
