-64.1200027466
-68.0370178223
-70.6511993408
-71.9124755859
-72.3899536133
-72.530418396
-72.5439376831
-72.5121994019
-72.4649810791
-72.4128875732
-63.8370323181
-57.5819396973
-49.5470581055
-32.4641571045
30.0
-66.6865768433
-67.7436904907
-68.2620620728
-68.41456604
-68.3472671509
-68.1539764404
-67.887840271
-67.5771560669
-67.2363510132
-66.8722991943
-66.4875717163
-66.0821914673
-65.6543579102
-65.2007675171
-64.7164230347
-64.1942901611
-63.6245040894
-62.9929885864
-62.2790184021
-61.4509048462
-60.4575500488
-59.2112388611
-57.5479927063
-55.1250572205
-51.102848053
-42.8643760681
-18.0546302795
30.0
-70.9252548218
-73.8354873657
-74.5883560181
-74.5735092163
-74.3505935669
-74.0741195679
-73.7835693359
-73.4886398315
-73.1922836304
-72.8949508667
-72.5966644287
-72.2973022461
-71.9966506958
-71.6944580078
-71.3904800415
-71.0844116211
-70.775894165
-70.4645767212
-70.1500473022
-69.8318328857
-69.5094146729
-69.1821289062
-68.8493423462
-68.5102081299
-68.1638031006
-67.8090209961
-67.4444885254
-67.0686721802
-66.6795806885
-66.2748718262
-65.8515625
-65.4058532715
-64.9328384399
-64.42603302
-63.8766670227
-63.2724914551
-62.5958938599
-61.8204956055
-60.9048233032
-59.7797050476
-58.3208236694
-56.2970581055
-53.1005439758
-47.2213821411
-32.6742515564
30.0
-70.8288269043
-73.7127914429
-74.4735107422
-74.4658508301
-74.246055603
-73.9706802368
-73.6803359985
-73.3855285645
-73.089012146
-72.7914199829
-72.492805481
-72.1930236816
-71.8918685913
-71.5891036987
-71.2844238281
-70.9775466919
-70.6681137085
-70.3557357788
-70.0399780273
-69.7203521729
-69.3962936401
-69.067199707
-68.7323226929
-68.3907775879
-68.0416030884
-67.6835784912
-67.315322876
-66.9351272583
-66.5409240723
-66.1301422119
-65.6995162964
-65.2449417114
-64.7610168457
-64.240562439
-63.6737594604
-63.0467796326
-62.3394470215
-61.5210723877
-60.5424728394
-59.3196868896
-57.6969528198
-55.3518714905
-51.5061302185
-43.7885284424
-21.4674186707
30.0
-70.9003219604
-73.803817749
-74.5587387085
-74.5457687378
-74.3236312866
-74.0474319458
-73.7568511963
-73.4620513916
-73.1656265259
-72.8682250977
-72.5698776245
-72.2704086304
-71.9696350098
-71.6672973633
-71.3631439209
-71.0568618774
-70.7481002808
-70.4365386963
-70.1216888428
-69.8031082153
-69.4802780151
-69.152557373
-68.8192214966
-68.4794921875
-68.1323928833
-67.7767715454
-67.4113082886
-67.0343704224
-66.6439971924
-66.2377471924
-65.8128662109
-65.3646392822
-64.8888931274
-64.3786621094
-63.8249359131
-63.2151031494
-62.5308990479
-61.7448997498
-60.8138198853
-59.6650047302
-58.1668395996
-56.055355072
-52.7215805054
-46.4368858337
-30.3076305389
30.0
-70.8425445557
-73.7302856445
-74.489906311
-74.4812164307
-74.2609786987
-73.985458374
-73.6950531006
-73.4002609253
-73.1038818359
-72.8061981201
-72.5076370239
-72.207901001
-71.906829834
-71.6041412354
-71.2995605469
-70.992805481
-70.6835098267
-70.3712768555
-70.0556945801
-69.7362823486
-69.4124755859
-69.0836410522
-68.7490615845
-68.407875061
-68.0590896606
-67.7015533447
-67.3338317871
-66.954284668
-66.5608444214
-66.1509628296
-65.7214050293
-65.2681350708
-64.7858200073
-64.2673797607
-63.7033081055
-63.079574585
-62.3768577576
-61.5649490356
-60.5958976746
-59.3880844116
-57.7907791138
-55.4939918518
-51.7561683655
-44.3502006531
-23.4565467834
30.0
-70.8865432739
-73.7863006592
-74.5423431396
-74.5303878784
-74.3087081909
-74.0326843262
-73.742149353
-73.4476318359
-73.1509094238
-72.853477478
-72.5550689697
-72.2555389404
-71.9546813965
-71.6522674561
-71.3480148315
-71.0416107178
-70.7327423096
-70.4209976196
-70.1059799194
-69.7872314453
-69.4641647339
-69.1361846924
-68.8025512695
-68.4624633789
-68.1149597168
-67.758895874
-67.3929138184
-67.0153579712
-66.6242675781
-66.2171707153
-65.7909851074
-65.341796875
-64.8645095825
-64.3523483276
-63.7961845398
-63.1831512451
-62.4946517944
-61.7026824951
-60.7970581055
-59.6005401611
-58.0798187256
-55.926651001
-52.5033302307
-45.9763336182
-28.8662796021
30.0
-70.8513183594
-73.7414703369
-74.5003585815
-74.4910430908
-74.2705078125
-73.9948730469
-73.7044448853
-73.4096374512
-73.1131515503
-72.8156204224
-72.5170822144
-72.217414856
-71.9163818359
-71.6137466431
-71.3092269897
-71.0025405884
-70.693321228
-70.3812026978
-70.0657272339
-69.7464599609
-69.4227981567
-69.0941238403
-68.7597351074
-68.4187774658
-68.0702514648
-67.7130050659
-67.3456573486
-66.9664916992
-66.5735168457
-66.1641921997
-65.7353210449
-65.2828598022
-64.8015670776
-64.2844085693
-63.7218208313
-63.1003837585
-62.4005470276
-61.5927047729
-60.6296386719
-59.4311523438
-57.8496627808
-55.5827789307
-51.9112052917
-44.6940078735
-24.6430206299
30.0
-70.8785247803
-73.7761154175
-74.5328216553
-74.5941162109
-74.3000411987
-74.0941162109
-73.7335662842
-73.4387588501
-73.1423187256
-72.8448638916
-72.5464248657
-72.2468643188
-71.9459838867
-71.6435089111
-71.3391799927
-71.0327301025
-70.7237930298
-70.4119720459
-70.0968551636
-69.7779769897
-69.4547653198
-69.1266174316
-68.7928237915
-68.4525375366
-68.1048049927
-67.7484741211
-67.3821716309
-67.0042724609
-66.6127624512
-66.2051391602
-65.7783660889
-65.3284454346
-64.8502426147
-64.3369903564
-63.7793731689
-63.1644248962
-62.4733772278
-61.6778526306
-60.7328529358
-59.5625
-58.0283470154
-55.8501701355
-52.3727912903
-45.697769165
-27.9754257202
30.0
-70.8568725586
-73.7485351562
-74.5070037842
-74.4972686768
-74.2765350342
-74.0008544922
-73.7103881836
-73.4155883789
-73.1191101074
-72.8215866089
-72.5941162109
-72.2234268188
-71.9224243164
-71.6198272705
-71.3153533936
-71.0087051392
-70.6995391846
-70.3874816895
-70.0720901489
-69.7528839111
-69.4293136597
-69.1007766724
-68.7665023804
-68.4256896973
-68.0773162842
-67.7202682495
-67.3531341553
-66.9742431641
-66.5815734863
-66.1725845337
-65.744140625
-65.2922134399
-64.8115463257
-64.2951889038
-63.7336349487
-63.1135482788
-62.4155426025
-61.610244751
-60.6509132385
-59.4582939148
-57.8867034912
-55.6384658813
-52.0079917908
-44.9069290161
-25.3661460876
30.0
-70.8737030029
-73.7699813843
-74.5941162109
-74.5160903931
-74.2948226929
-74.0941162109
-73.7284088135
-73.4336090088
-73.1371688843
-72.8397064209
-72.5412521362
-72.2416610718
-71.9407577515
-71.6382598877
-71.3339080811
-71.0273971558
-70.7183914185
-70.4065246582
-70.0913619995
-69.7723922729
-69.4491195679
-69.1208724976
-68.7869720459
-68.4465789795
-68.0987167358
-67.7422332764
-67.3757400513
-66.9976043701
-66.6058273315
-66.1979293823
-65.7707824707
-65.3204193115
-64.8416900635
-64.3277359009
-63.7692337036
-63.1531600952
-62.4605903625
-61.6629180908
-60.7147598267
-59.5395202637
-57.997177124
-55.803894043
-52.2932395935
-45.5268669128
-27.4216651917
30.0
-70.8603668213
-73.7530059814
-74.5111923218
-74.5011825562
-74.2803421021
-74.0046081543
-73.7141571045
-73.4193496704
-73.1228637695
-72.8253631592
-72.5941162109
-72.2272262573
-71.9262542725
-71.6236724854
-71.3192214966
-71.0126037598
-70.7034759521
-70.3914642334
-70.0761260986
-69.7569656372
-69.4334564209
-69.1049804688
-68.7707748413
-68.4300384521
-68.0817871094
-67.7248382568
-67.3578338623
-66.9791030884
-66.5866165161
-66.1778640747
-65.7496871948
-65.2980804443
-64.8178253174
-64.3019561768
-63.7410316467
-63.1217918396
-62.4249076843
-61.6212272644
-60.6642570496
-59.4753036499
-57.9098854065
-55.673248291
-52.0682754517
-45.0388870239
-25.8098678589
30.0
-70.8707962036
-73.7662658691
-74.5941162109
-74.5128250122
-74.2916564941
-74.0157928467
-73.7253036499
-73.4305038452
-73.1340484619
-72.8365631104
-72.5380859375
-72.2385101318
-71.9378662109
-71.635055542
-71.3306884766
-71.0941162109
-70.7151412964
-70.4032363892
-70.0880279541
-69.7690200806
-69.4456787109
-69.1173934937
-68.7834320068
-68.4429702759
-68.0950164795
-67.7384185791
-67.3718032837
-66.9935455322
-66.6016159058
-66.1935272217
-65.766166687
-65.3155212402
-64.8364562988
-64.3220901489
-63.7970581055
-63.1463088989
-62.4528045654
-61.6538391113
-60.7037963867
-59.5255813599
-57.978263855
-55.7755279541
-52.2447319031
-45.4222488403
-27.0799293518
30.0
-70.8625640869
-73.7557907104
-74.5137939453
-74.5036239624
-74.2827148438
-74.0069580078
-73.7164916992
-73.4216918945
-73.1252288818
-72.8277435303
-72.5292358398
-72.229598999
-71.9286193848
-71.6260604858
-71.3216247559
-71.0150222778
-70.7059173584
-70.3939285278
-70.0786056519
-69.7594833374
-69.4360198975
-69.1075744629
-68.7734298706
-68.4327545166
-68.0845489502
-67.7276687622
-67.360748291
-66.982131958
-66.5897598267
-66.1811447144
-65.7531433105
-65.3017349243
-64.8217163086
-64.3061828613
-63.7456626892
-63.1269302368
-62.4307556152
-61.6280632019
-60.6725616455
-59.4858512878
-57.9242401123
-55.6947555542
-52.1054992676
-45.1201248169
-26.0813751221
30.0
-70.8690185547
-73.7640075684
-74.5941162109
-74.5108413696
-74.2897186279
-74.0138931274
-73.7234115601
-73.428604126
-73.1321487427
-72.8346633911
-72.5361862183
-72.236579895
-71.9359130859
-71.6331176758
-71.3287353516
-71.0941162109
-70.7131576538
-70.4012298584
-70.0859909058
-69.7669830322
-69.443611145
-69.1152877808
-68.7812805176
-68.4407577515
-68.0927505493
-67.7360992432
-67.369430542
-66.9910888672
-66.599067688
-66.1908569336
-65.7633514404
-65.3125610352
-64.8333053589
-64.318687439
-63.7970581055
-63.1421737671
-62.4480857849
-61.6483078003
-60.6970901489
-59.5170516968
-57.9666671753
-55.7582015991
-52.2149276733
-45.3578109741
-26.8684272766
30.0
-70.8639144897
-73.7575149536
-74.5154037476
-74.5051422119
-74.2842025757
-74.0084228516
-73.7179412842
-73.4231338501
-73.1266784668
-72.8291702271
-72.5306854248
-72.2310714722
-71.9300918579
-71.627532959
-71.3231201172
-71.0165252686
-70.7074508667
-70.3954620361
-70.0804443359
-69.7610549927
-69.4376144409
-69.1091995239
-68.7750854492
-68.4344482422
-68.0862731934
-67.7294540405
-67.3625793457
-66.9840087891
-66.5917129517
-66.1831817627
-65.7552719116
-65.3040008545
-64.8241729736
-64.3088226318
-63.7485656738
-63.1301651001
-62.4344329834
-61.6323661804
-60.6777648926
-59.4924850464
-57.9332695007
-55.708278656
-52.1288452148
-45.1709671021
-26.250629425
30.0
-70.8679046631
-73.7625961304
-74.5941162109
-74.5095825195
-74.288520813
-74.0126953125
-73.7222213745
-73.4274139404
-73.1312255859
-72.8334655762
-72.5349960327
-72.2353973389
-71.9344482422
-71.6319122314
-71.3275299072
-71.0941162109
-70.7119064331
-70.3999786377
-70.0847320557
-69.7659912109
-69.4423065186
-69.1139678955
-68.7799301147
-68.4393920898
-68.0913619995
-67.7346801758
-67.3679656982
-66.9895782471
-66.5974807739
-66.1891937256
-65.7616043091
-65.3106994629
-64.8313064575
-64.3165283203
-63.7569885254
-63.1395568848
-62.4451217651
-61.6448516846
-60.6928939819
-59.5470581055
-57.9594573975
-55.7474403381
-52.1964073181
-45.3176651001
-26.7362422943
30.0
-70.8647766113
-73.7585983276
-74.5164260864
-74.5060882568
-74.2851104736
-74.0093154907
-73.7191162109
-73.4240493774
-73.1275939941
-72.8301010132
-72.5316009521
-72.2319946289
-71.9310302734
-71.6284790039
-71.3240661621
-71.0174942017
-70.7083969116
-70.3964157104
-70.0811309814
-69.7620391846
-69.4385986328
-69.1102142334
-68.7761306763
-68.4355010986
-68.087348938
-67.7308349609
-67.3637390137
-66.985206604
-66.5929412842
-66.1844787598
-65.7566375732
-65.3054428101
-64.8256912231
-64.3104629517
-63.7503585815
-63.1321640015
-62.4367218018
-61.6350212097
-60.6809844971
-59.4965782166
-57.9388427734
-55.7166023254
-52.1432304382
-45.2022666931
-26.3545970917
30.0
-70.8672409058
-73.7617492676
-74.5941162109
-74.5088424683
-74.2877960205
-74.01197052
-73.7214889526
-73.4266967773
-73.130241394
-72.8327560425
-72.5342788696
-72.2346572876
-71.9337005615
-71.6311721802
-71.3267745972
-71.0941162109
-70.7111587524
-70.3992156982
-70.0839538574
-69.7649002075
-69.4415130615
-69.1131668091
-68.7791213989
-68.4385528564
-68.0904846191
-67.7337799072
-67.3670425415
-66.9886169434
-66.596496582
-66.1881713867
-65.7605285645
-65.3095550537
-64.8301010132
-64.3152313232
-63.7555732727
-63.1379585266
-62.4433135986
-61.6427192688
-60.6903038025
-59.508430481
-57.9549560547
-55.7407150269
-52.1848182678
-45.292591095
-26.6535377502
30.0
-70.8656005859
-73.7592697144
-74.5170516968
-74.506690979
-74.285697937
-74.0098876953
-73.7194213867
-73.4246292114
-73.1281661987
-72.8306808472
-72.5321960449
-72.2325744629
-71.9316101074
-71.6290588379
-71.3246536255
-71.0941162109
-70.708984375
-70.3970336914
-70.0817565918
-69.7626800537
-69.4392623901
-69.1108627319
-68.7767791748
-68.4361801147
-68.0880584717
-67.7312698364
-67.364440918
-66.9859313965
-66.5937194824
-66.185295105
-65.7575073242
-65.3063583374
-64.8266677856
-64.3115081787
-63.7515029907
-63.133430481
-62.4381561279
-61.6367111206
-60.6830329895
-59.4991912842
-57.9423942566
-55.7219238281
-52.1524124146
-45.2222099304
-26.4207324982
30.0
-70.8668060303
-73.7612075806
-74.5941162109
-74.5083694458
-74.287322998
-74.0115280151
-73.7210464478
-73.4262237549
-73.1297683716
-72.83228302
-72.5337982178
-72.2341918945
-71.9332427979
-71.6306915283
-71.3262863159
-71.0941162109
-70.7106704712
-70.398727417
-70.0834655762
-69.7644119263
-69.4410095215
-69.1126403809
-68.7785949707
-68.4380264282
-68.0899658203
-67.7332458496
-67.3664779663
-66.9880371094
-66.5958938599
-66.187538147
-65.7601318359
-65.3088607788
-64.8293533325
-64.3144226074
-63.7546768188
-63.13697052
-62.4421730042
-61.6413993835
-60.6887054443
-59.5064125061
-57.9522323608
-55.7366409302
-52.1777954102
-45.27734375
-26.6031799316
30.0
-70.8656311035
-73.7596893311
-74.5174484253
-74.5070419312
-74.2860412598
-74.0102462769
-73.7197723389
-73.4249725342
-73.1285171509
-72.8310241699
-72.5325393677
-72.2329177856
-71.9319534302
-71.6294021606
-71.3249969482
-71.0941162109
-70.7093582153
-70.3973999023
-70.0823974609
-69.763053894
-69.4396286011
-69.1112518311
-68.7771759033
-68.4365539551
-68.0884552002
-67.7316741943
-67.3648757935
-66.9863891602
-66.5941848755
-66.1857681274
-65.7579956055
-65.3068771362
-64.8272094727
-64.3120956421
-63.752155304
-63.1341552734
-62.4389915466
-61.6376838684
-60.6842041016
-59.5006828308
-57.9444198608
-55.7249565125
-52.1576385498
-45.2335853577
-26.4584236145
30.0
-70.8665771484
-73.760887146
-74.5941162109
-74.5080795288
-74.2870635986
-74.0112609863
-73.7207641602
-73.4259719849
-73.1295166016
-72.83203125
-72.5335464478
-72.2339401245
-71.9329833984
-71.6304321289
-71.3260421753
-71.0941162109
-70.710395813
-70.3984451294
-70.083190918
-69.7641296387
-69.4407424927
-69.1123657227
-68.7783126831
-68.4377288818
-68.0896530151
-67.7329101562
-67.3661422729
-66.987701416
-66.5955429077
-66.1871795654
-65.7594909668
-65.3084564209
-64.8289031982
-64.3139343262
-63.7541503906
-63.1363868713
